             12     13     14     15     16 
         ------ ------ ------ ------ ------ 
       1  -1.00  -1.00  -1.00  -1.00  -1.00 
       8  -1.00  -1.00  -1.00  -1.00  -1.00 
       3  -1.00  -1.00  -1.00  -1.00  -1.00 
      15  -1.00  -1.00  -1.00  -1.00  -1.00 
      16  -1.00  -1.00  -1.00  -1.00  -1.00 
       2  -1.00  -1.00  -1.00  -1.00  -1.00 
       5  -1.00  -1.00  -1.00  -1.00  -1.00 
       4  -1.00  -1.00  -1.00  -1.00  -1.00 
       6  -1.00  -1.00  -1.00  -1.00  -1.00 
       7  -1.00  -1.00  -1.00  -1.00  -1.00 
